21311
21313
21316
21737
21739
21741
21742
21743
21750
21818
22133
23060
23062
23064
23070
23086
23087
23089
23090
23096
23097
23099
23104
23488
23489
23570
23578
23585
23586
37761
38124
38159
38260
38304
38345
38373
38436
38437
38441
38449
38455
38456
38459
38470
38471
38481
38486
38501
38506
38508
38515
38531
38533
38582
38583
38584
38617
51842
51843
51851
65762
65777
65785
65799
65805
65815
65830
65895
65897
65900
65904
65919
65996
66001
66006
66029
66035
66036
66042
66256
66259
66271
66272
66274
66289
66298
66320
66326
66328
66330
66364
66365
66370
66928
66959
66977
67117
67132
67133
67139
