21311
21313
21316
21737
21739
21741
21742
21743
21750
21818
22133
23060
23062
23064
23070
23086
23087
23089
23090
23096
23097
23099
23104
23488
23489
23570
23578
23585
23586
37761
38124
38159
38260
38304
38345
38373
38436
38437
38441
38449
38455
38456
38459
38470
38471
38481
38486
38501
38506
38508
38515
38531
38533
38582
38583
38584
38617
51842
51843
51851
65762
65777
65785
65799
65805
65815
65830
65895
65897
65900
65904
65919
65996
66001
66006
66029
66035
66036
66042
66256
66259
66271
66272
66274
66289
66298
66320
66326
66328
66330
66364
66365
66370
66928
66959
66977
67117
67132
67133
67139
67142
67157
67169
67193
67235
67246
67247
67248
67249
67250
67335
67339
67346
67352
67353
67367
67372
67379
67390
67395
67401
67426
90235
90250
90266
90282
90297
90304
90317
105213
105331
105346
105375
105388
105393
105403
105405
105413
105415
105423
105429
105432
105854
193019
193026
193032
193033
193034
193035
193196
193225
193434
193443
193518
193599
193602
193613
193655
194491
194499
194520
194550
194988
194989
194990
195199
195200
195201
195202
195220
195302
195303
195598
195652
195666
195784
195785
195796
196212
196227
196228
196244
196245
196291
196292
196293
196326
196327
196328
196329
196330
196331
223258
223268
225681
541889
1028298
1199358
1201438
1201779
