21311
21313
21316
21737
21739
21741
21742
21743
21750
21818
22133
23060
23062
23064
23070
23086
23087
23089
23090
23096
23097
23099
23104
23488
23489
23570
23578
23585
23586
37761
38124
38159
38260
38304
38345
38373
38436
38437
38441
38449
38455
38456
38459
38470
38471
38481
38486
38501
38506
38508
38515
38531
38533
38582
38583
38584
38617
51842
51843
51851
65762
65777
65785
65799
65805
65815
65830
65895
65897
65900
65904
65919
65996
66001
66006
66029
66035
66036
66042
66256
66259
66271
66272
66274
66289
66298
66320
66326
66328
66330
66364
66365
66370
66928
66959
66977
67117
67132
67133
67139
67142
67157
67169
67193
67235
67246
67247
67248
67249
67250
67335
67339
67346
67352
67353
67367
67372
67379
67390
67395
67401
67426
90235
90250
90266
90282
90297
90304
90317
105213
105331
105346
105375
105388
105393
105403
105405
105413
105415
105423
105429
105432
105854
107244
193019
193026
193032
193033
193034
193035
193196
193225
193434
193443
193518
193599
193602
193613
193655
194491
194499
194520
194550
194988
194989
194990
195199
195200
195201
195202
195220
195302
195303
195598
195652
195666
195784
195785
195796
196212
196227
196228
196244
196245
196291
196292
196293
196326
196327
196328
196329
196330
196331
223258
223268
225681
225695
1028298
1199358
1201438
1201779
1201781
1203170
1203220
1203233
1203239
1204311
1204312
1205083
1209465
1212514
1249420
2054620
2054653
2054654
2093778
2093784
2121668
2166937
2336403
2439801
2519470
2688970
2711975
2711992
2719036
2983097
3236806
3242142
3244876
3285452
3285453
3300591
3393997
3562272
3772026
3772703
3781708
3942163
4028594
4072955
4171716
4179367
4638195
5390354
6213354
6213355
6213356
6213357
6280352
6290027
7158587
7425160
7425219
7638705
8139217
8141449
8141488
8186042
8828414
8844323
8844343
8867267
9080618
9384418
9397590
9519810
9556422
9557828
9558858
9571464
9571749
9571750
9574885
9617109
9729460
9729461
9729462
9729500
9758619
9775654
9775655
9775797
9803144
9803755
9807893
9813748
9928227
10110323
10619784
10631248
10631249
10631250
10631251
10631252
10631253
10631254
10631255
10631256
10631257
10631258
10631259
10631260
10631261
10631262
10631263
10631264
10631265
10631266
10631267
10631268
10784647
10784766
12005814
12005816
12005817
12005818
12153251
12228398
12565567
12817932
12918414
12982358
13763875
13764804
13764825
13798946
13798947
13849615
14239551
14239552
14239553
14239554
14239555
14239556
14239557
14239558
14249530
14264748
14273664
14273665
14273666
14273667
14273668
14273669
14273670
14273671
14273672
14273673
14273674
14273675
14273676
14273677
14273680
14273681
14273682
14273683
14273688
14273689
14273690
14282648
15463528
